准确率: 0.9969278033794163
宏平均精确率: 0.9972686044114616
微平均精确率: 0.9969278033794163
加权平均精确率: 0.9969521858922781
宏平均召回率: 0.9977278598435922
微平均召回率: 0.9969278033794163
加权平均召回率: 0.9969278033794163
宏平均F1-score: 0.9974834028573792
微平均F1-score: 0.9969278033794163
加权平均F1-score: 0.9969290557398223
混淆矩阵输出:
 [[ 78   0   1   0   0   0   0]
 [  0  55   0   0   0   0   0]
 [  0   0 307   0   0   0   1]
 [  0   0   0  41   0   0   0]
 [  0   0   0   0  50   0   0]
 [  0   0   0   0   0  56   0]
 [  0   0   0   0   0   0  62]]
分类报告:
               precision    recall  f1-score   support
      ASPack       1.00      0.99      0.99        79
     Molebox       1.00      1.00      1.00        55
      Normal       1.00      1.00      1.00       308
      NsPack       1.00      1.00      1.00        41
   PECompact       1.00      1.00      1.00        50
      PeSpin       1.00      1.00      1.00        56
         UPX       0.98      1.00      0.99        62
   micro avg       1.00      1.00      1.00       651
   macro avg       1.00      1.00      1.00       651
weighted avg       1.00      1.00      1.00       651